minus_1.mol 4
6,06 1301331 1101331 1101131 

plus_2.mol 10
6,06 6,06 0500331 3301411 0501131 0500331 3301411 0501131 0562411 
0562411 

plus_3.mol 7
4103410 4103410 0502410 4103410 0502410 0502410 0501131 

plus_4.mol 9
6,00 56,00Q7 5,00Q1 1205411 1305411 1205411 1305411 1201131 
1201131 

plus_5.mol 3
7,00 4602460 4601460 

plus_6.mol 8
6,06 6,06 1200331 0200331 1200331 0200331 0264121 0264121 

plus_7.mol 12
6,06 6,06 0500331 1200331 0501131 1201411 0500331 1200331 0501131 
1201411 0562121 0562121 

plus_8.mol 8
6,06 3100331 0500331 3100331 0501131 0564311 3162311 0563310 

plus_9.mol 8
6,06 3100331 0500331 3100331 0501131 0564311 3163310 0562311 

plus_10.mol 8
6,06 3100331 0500331 3100331 0501131 0562311 3164311 0563310 

plus_11.mol 6
3,00Q1 3,00Q1 1202120 1203120 1203120 1204120 

plus_12.mol 7
6,06 3200331 3300751 3300751 3262751 3264751 7563750 

plus_13.mol 7
6,06 6,06 3301330 0500331 0500331 0501131 0501131 

plus_14.mol 11
6,06 6,00 3301460 0503330 3305460 3306460 0507330 0500331 0501131 
0500461 0501131 

plus_15.mol 7
6,06 6,06 3301330 0500331 0501131 0500331 0501131 

plus_16.mol 1
0202020 

plus_17.mol 4
6,06 0200331 0200331 0264021 

plus_18.mol 10
6,00 56,00Q7 5,00Q1 4105411 1205411 1305411 1205411 1305411 
1201131 1201131 

plus_19.mol 6
6,06 56,10Q7 5,06Q1 1300351 1300351 1364131 

plus_20.mol 9
6,06 3301411 0500331 0500331 0501131 0501131 0562411 0564411 
0563050 

plus_21.mol 3
6,06 3300461 3302411 

plus_22.mol 4
5,06Q1 1300351 1300351 1364131 

plus_23.mol 25
6,00M1S3 46,00M1S5 4,00M1 0202030 0202130 0202030 0202220 0301131 
0301220 0302111 0302131 0303220 0303130 0303220 0303120 1303220 
1203220 1104220 1304220 1201131 1202411 1104120 1204130 1101131 
1302411 

plus_24.mol 5
6,06 1301331 1201331 1201131 1201411 

plus_25.mol 29
6,06 6,00M1S3 46,00M1S5 4,00M1 0201330 1302330 0202330 0201131 
0202130 0202020 0202030 0202130 0202030 0202220 0301131 0301220 
0303410 0302110 0302130 0303220 0303130 0303220 1303220 2203410 
1104220 1304220 1104411 1304411 1101131 

plus_26.mol 31
6,06 4,00M1 45,00M3S5 5,00M1S3 1302330 0202330 0201131 0202030 
0202130 0202030 0202220 0301131 0301220 0302220 0303410 0303410 
0302110 0302130 0303220 0303130 1303220 2202410 2202410 1103220 
1303220 4103410 1104411 1304411 1101131 1104411 1304411 

plus_27.mol 3
6,06 0500331 0501131 

plus_28.mol 3
6,06M1 3500461 3502411 

plus_29.mol 3
6,06M1 3700461 3702411 

minus_30.mol 2
6,06 0200331 

minus_31.mol 7
6,06 3100331 3300751 3300751 3162751 3164751 7563750 

minus_32.mol 5
6,06 3301411 0500331 0501131 0564411 

minus_33.mol 11
6,06 56,06 5,00 3301411 3300751 3300751 4103410 4103410 4162751 
4162751 7563750 

minus_34.mol 7
6,00 4105411 1204411 1204411 4106410 4106410 4103410 

minus_35.mol 7
6,06 1201131 1202411 1201330 1202410 1302411 3302410 

minus_36.mol 8
6,06 1201330 1201131 1202411 1302411 3301411 3301411 4163410 

minus_37.mol 5
6,06 1201330 1201131 1204411 1304411 

minus_38.mol 4
1201131 1304411 1204411 1204410 

minus_39.mol 7
4103410 1303411 1203411 1303411 1203411 1201131 1204410 

minus_39.mol 7
4103410 1303411 1203411 1303411 1203411 1201131 1204410 

minus_40.mol 12
6,06 6,06 1200331 1201131 1202330 1302330 1200331 3301460 3303410 
1201411 1262121 1262441 

minus_41.mol 15
6,06 1301331 1201331 1201131 1201460 1204410 1205460 1208410 
1208410 4101461 4602460 4105460 4105460 4101461 4101461 

minus_42.mol 2
1402460 4105460 

minus_43.mol 11
1300471 1200471 1200471 1200471 1200461 1202311 1202311 1201411 
1201411 3100461 3100461 

plus_44.mol 11
6,06 2500471 1200471 1200471 1200471 1200331 1201411 1201411 
2200331 2201411 1264221 

minus_45.mol 9
6,06 56,00Q7 5,00Q1 1201331 1301331 1201330 3305410 1201131 
1205410 

